(1863, Date(20034), 0.0)
(1765, Date(20016), 0.0)
(1580, Date(20032), 0.0)
(1193, Date(20016), 0.0)
(1940, Date(20052), 0.0)
(1940, Date(20033), 0.0)
(1940, Date(20024), 0.0)
(1425, Date(20051), 0.0)
(1351, Date(20033), 0.0)
(1351, Date(20028), 0.0)
(1505, Date(20047), 0.0)
(1505, Date(20046), 0.0)
(1499, Date(20034), 0.0)
(1499, Date(20032), 0.0)
(1499, Date(20019), 0.0)
(1224, Date(20034), 0.0)
(1224, Date(20031), 0.0)
(1224, Date(20017), 0.0)
(1275, Date(20048), 0.0)
(1275, Date(20037), 0.0)
(1275, Date(20026), 0.0)
(1522, Date(20030), 0.0)
(1522, Date(20028), 0.0)
(1191, Date(20022), 100.0)
(1191, Date(20007), 0.0)
(1109, Date(20037), 0.0)
(1109, Date(20028), 0.0)
(1618, Date(20027), 0.0)
(1618, Date(20015), 0.0)
(1474, Date(20040), 100.0)
(1072, Date(20030), 0.0)
(1318, Date(20031), 0.0)
(1318, Date(20027), 0.0)
(1909, Date(20042), 0.0)
(1909, Date(20009), 0.0)
(1722, Date(20022), 0.0)
(1942, Date(20032), 0.0)
(1942, Date(20023), 0.0)
(1250, Date(20037), 0.0)
(1015, Date(20014), 100.0)
(1015, Date(19999), 0.0)
(1346, Date(20055), 0.0)
(1346, Date(20050), 0.0)
(1346, Date(20033), 0.0)
(1992, Date(20021), 0.0)
(1889, Date(20022), 0.0)
(1933, Date(20026), 0.0)
(1162, Date(20035), 0.0)
(1162, Date(20017), 0.0)
(1337, Date(20002), 0.0)
(1295, Date(20037), 0.0)
(1295, Date(20024), 0.0)
(1295, Date(20010), 0.0)
(1286, Date(20013), 0.0)
(1286, Date(20011), 100.0)
(1048, Date(20013), 0.0)
(1999, Date(20034), 0.0)
(1376, Date(20030), 0.0)
(1383, Date(20016), 0.0)
(1808, Date(20034), 0.0)
(1928, Date(20005), 0.0)
(1816, Date(20036), 100.0)
(1886, Date(20047), 100.0)
(1588, Date(20049), 0.0)
(1588, Date(20032), 0.0)
(1588, Date(20028), 0.0)
(1063, Date(20019), 0.0)
(1665, Date(20048), 0.0)
(1953, Date(20021), 0.0)
(1953, Date(20018), 0.0)
(1472, Date(20037), 0.0)
(1472, Date(20019), 0.0)
(1472, Date(20005), 0.0)
(1535, Date(20032), 0.0)
(1638, Date(20028), 0.0)
(1419, Date(20029), 0.0)
(1419, Date(20016), 0.0)
(1852, Date(20044), 0.0)
(1852, Date(20037), 0.0)
(1463, Date(20040), 0.0)
(1042, Date(20028), 0.0)
(1432, Date(20032), 0.0)
(1432, Date(20031), 0.0)
(1349, Date(20044), 0.0)
(1728, Date(20012), 0.0)
(1248, Date(20053), 100.0)
(1248, Date(20040), 0.0)
(1248, Date(20027), 0.0)
(2019, Date(20056), 0.0)
(1672, Date(20048), 0.0)
(1378, Date(20069), 0.0)
(1378, Date(20019), 0.0)
(1731, Date(20032), 0.0)
(1247, Date(20047), 0.0)
(1818, Date(20040), 0.0)
(1285, Date(20022), 0.0)
(1695, Date(20011), 0.0)
(1393, Date(20047), 100.0)
(1066, Date(20065), 0.0)
(1066, Date(20013), 100.0)
(1874, Date(20055), 0.0)
(1257, Date(20024), 0.0)
(1982, Date(20044), 0.0)
(1317, Date(20019), 0.0)
(1317, Date(20018), 50.0)
(1981, Date(20032), 0.0)
(1981, Date(20030), 0.0)
(1427, Date(20049), 0.0)
(1427, Date(20023), 0.0)
(1067, Date(20018), 0.0)
(1067, Date(20016), 0.0)
(1345, Date(20014), 0.0)
(1430, Date(20018), 0.0)
(1430, Date(20012), 0.0)
(1551, Date(20003), 0.0)
(1214, Date(20025), 0.0)
(1240, Date(20034), 0.0)
(1188, Date(20030), 0.0)
(1882, Date(20042), 0.0)
(1954, Date(20036), 0.0)
(1954, Date(20023), 0.0)
(2014, Date(20058), 0.0)
(1794, Date(20010), 0.0)
(1794, Date(20006), 0.0)
(1794, Date(20004), 0.0)
(1227, Date(20019), 0.0)
(1227, Date(20013), 0.0)
(1632, Date(20049), 0.0)
(1632, Date(20048), 0.0)
(1632, Date(20033), 0.0)
(1111, Date(20011), 0.0)
(1549, Date(20049), 0.0)
(1549, Date(20045), 0.0)
(1356, Date(20024), 0.0)
(1356, Date(20022), 0.0)
(1319, Date(20025), 0.0)
(1541, Date(20022), 0.0)
(1787, Date(20051), 0.0)
(1787, Date(20035), 0.0)
(1787, Date(20033), 0.0)
(1674, Date(20051), 100.0)
(1674, Date(20035), 0.0)
(1674, Date(20027), 0.0)
(1025, Date(20010), 0.0)
(1269, Date(20029), 0.0)
(1485, Date(20001), 0.0)
(1983, Date(20019), 0.0)
(1640, Date(20009), 0.0)
(1774, Date(20026), 100.0)
(1197, Date(20028), 0.0)
(1444, Date(20049), 0.0)
(1444, Date(20041), 0.0)
(1444, Date(20033), 0.0)
(1417, Date(20042), 0.0)
(1417, Date(20030), 0.0)
(1417, Date(20023), 0.0)
(1077, Date(20046), 0.0)
(1770, Date(20062), 0.0)
(1047, Date(20025), 0.0)
(1047, Date(20023), 0.0)
(1350, Date(20016), 0.0)
(1350, Date(20014), 0.0)
(1350, Date(20013), 0.0)
(1692, Date(20029), 0.0)
(1739, Date(20019), 0.0)
(1235, Date(20020), 0.0)
(1235, Date(20017), 0.0)
(1235, Date(20000), 0.0)
(1748, Date(20030), 0.0)
(1748, Date(20024), 0.0)
(1201, Date(20027), 0.0)
(1611, Date(20021), 0.0)
(1061, Date(20073), 0.0)
(1061, Date(20061), 0.0)
(1513, Date(20015), 0.0)
(1513, Date(20014), 0.0)
(1513, Date(20012), 0.0)
(1513, Date(20011), 0.0)
(1813, Date(20022), 0.0)
(1206, Date(20022), 0.0)
(1545, Date(20040), 0.0)
(1434, Date(20040), 0.0)
(1434, Date(20027), 0.0)
(1434, Date(20012), 0.0)
(1624, Date(20022), 0.0)
(1624, Date(20021), 0.0)
(1952, Date(20028), 0.0)
(1952, Date(20020), 0.0)
(1763, Date(20039), 0.0)
(1471, Date(20039), 0.0)
(1562, Date(20040), 0.0)
(1562, Date(20029), 0.0)
(1562, Date(20020), 0.0)
(1895, Date(20031), 0.0)
(1636, Date(20036), 0.0)
(1747, Date(20031), 0.0)
(1088, Date(20046), 0.0)
(1088, Date(20041), 0.0)
(1088, Date(20021), 0.0)
(1595, Date(20033), 0.0)
(1777, Date(20019), 0.0)
(1398, Date(20041), 0.0)
(1945, Date(20042), 0.0)
(1972, Date(20032), 0.0)
(1890, Date(20021), 100.0)
(1890, Date(20017), 0.0)
(1890, Date(20006), 100.0)
(1924, Date(20030), 0.0)
(1924, Date(20026), 0.0)
(1475, Date(20033), 0.0)
(1475, Date(20032), 0.0)
(1475, Date(20020), 0.0)
(1596, Date(20049), 0.0)
(1371, Date(20027), 0.0)
(2009, Date(20020), 0.0)
(1566, Date(20054), 0.0)
(1566, Date(20051), 0.0)
(1566, Date(20042), 0.0)
(1566, Date(20022), 0.0)
(1756, Date(20051), 0.0)
(1756, Date(20047), 0.0)
(1639, Date(20051), 0.0)
(1457, Date(20028), 0.0)
(1032, Date(20028), 0.0)
(1792, Date(20047), 0.0)
(1792, Date(20019), 0.0)
(1056, Date(20032), 0.0)
(1056, Date(20027), 100.0)
(1842, Date(20031), 0.0)
(1789, Date(20041), 0.0)
(1789, Date(20038), 0.0)
(1789, Date(20030), 0.0)
(1849, Date(20049), 0.0)
(1849, Date(20045), 0.0)
(1849, Date(20005), 0.0)
(1436, Date(20001), 0.0)
(1436, Date(20000), 0.0)
(1680, Date(20026), 0.0)
(1680, Date(20013), 0.0)
(1026, Date(20023), 0.0)
(1100, Date(20068), 0.0)
(1698, Date(20008), 0.0)
(1648, Date(20020), 0.0)
(1859, Date(20025), 0.0)
(1859, Date(20018), 0.0)
(1546, Date(20013), 0.0)
(1526, Date(20049), 0.0)
(1526, Date(20033), 0.0)
(1526, Date(20022), 0.0)
(1130, Date(20037), 0.0)
(1456, Date(20013), 0.0)
(1912, Date(20030), 0.0)
(1768, Date(20032), 100.0)
(1862, Date(20015), 0.0)
(1702, Date(20041), 0.0)
(1702, Date(20023), 0.0)
(1096, Date(20018), 0.0)
(1414, Date(20013), 0.0)
(1635, Date(20025), 0.0)
(1635, Date(20005), 0.0)
(1097, Date(20061), 0.0)
(1097, Date(20035), 0.0)
(1082, Date(20013), 0.0)
(1355, Date(20028), 0.0)
(1559, Date(20031), 0.0)
(1559, Date(20012), 0.0)
(2006, Date(20028), 0.0)
(1282, Date(20038), 0.0)
(1282, Date(20023), 0.0)
(1043, Date(20029), 0.0)
(1205, Date(20026), 0.0)
(1428, Date(20021), 0.0)
(1795, Date(20024), 0.0)
(1208, Date(20042), 0.0)
(1208, Date(20030), 0.0)
(1935, Date(20027), 0.0)
(1493, Date(20040), 0.0)
(1652, Date(20014), 0.0)
(1824, Date(20017), 0.0)
(1176, Date(20003), 0.0)
(1660, Date(20017), 0.0)
(1132, Date(20027), 0.0)
(1686, Date(20032), 0.0)
(1686, Date(20024), 100.0)
(1836, Date(20065), 0.0)
(1836, Date(20052), 0.0)
(1053, Date(20049), 0.0)
(1270, Date(20046), 0.0)
(1270, Date(20022), 0.0)
(1299, Date(20081), 0.0)
(1195, Date(20039), 0.0)
(1960, Date(20035), 0.0)
(1960, Date(20029), 0.0)
(1439, Date(20026), 0.0)
(1764, Date(20014), 0.0)
(1776, Date(20031), 0.0)
(1243, Date(20015), 0.0)
(1915, Date(20047), 0.0)
(1915, Date(20030), 0.0)
(1291, Date(20035), 0.0)
(1291, Date(20012), 0.0)
(1381, Date(20021), 0.0)
(1423, Date(20019), 0.0)
(2022, Date(20049), 0.0)
(1657, Date(20013), 0.0)
(1090, Date(20034), 0.0)
(1090, Date(20022), 0.0)
(1210, Date(20032), 0.0)
(1746, Date(20049), 0.0)
(1746, Date(20023), 100.0)
(1266, Date(20036), 0.0)
(1302, Date(20027), 0.0)
(1313, Date(20068), 0.0)
(1372, Date(20034), 0.0)
(1372, Date(20024), 0.0)
(1421, Date(20032), 0.0)
(1421, Date(20025), 0.0)
(1120, Date(20026), 0.0)
(1452, Date(20034), 0.0)
(1380, Date(20033), 0.0)
(1758, Date(20029), 0.0)
(1189, Date(20045), 0.0)
(1951, Date(20008), 0.0)
(1726, Date(20043), 0.0)
(1045, Date(20024), 0.0)
(1288, Date(20047), 0.0)
(1466, Date(20018), 0.0)
(1405, Date(20036), 100.0)
(1641, Date(20045), 0.0)
(1641, Date(20033), 0.0)
(1464, Date(20019), 0.0)
(1340, Date(20036), 0.0)
(1773, Date(20008), 0.0)
(1151, Date(20026), 0.0)
(1504, Date(20055), 0.0)
(1504, Date(20028), 0.0)
(1504, Date(20023), 0.0)
(1024, Date(20021), 0.0)
(1024, Date(20013), 0.0)
(1525, Date(20013), 0.0)
(1576, Date(20008), 0.0)
(1576, Date(20007), 0.0)
(1832, Date(20044), 0.0)
(1677, Date(20028), 0.0)
(1677, Date(20022), 0.0)
(1677, Date(20003), 0.0)
(1582, Date(20049), 0.0)
(1696, Date(20032), 0.0)
(1696, Date(20031), 0.0)
(1696, Date(20023), 0.0)
(1339, Date(20037), 0.0)
(1967, Date(20030), 0.0)
(1851, Date(20029), 0.0)
(1880, Date(20038), 100.0)
(1880, Date(20030), 0.0)
(1607, Date(20027), 0.0)
(1607, Date(20014), 0.0)
(1829, Date(20019), 0.0)
(1829, Date(20017), 0.0)
(1829, Date(20015), 100.0)
(1725, Date(20042), 0.0)
(1178, Date(20042), 0.0)
(1178, Date(20035), 0.0)
(1593, Date(20054), 0.0)
(1593, Date(20008), 0.0)
(1968, Date(20028), 100.0)
(1968, Date(20026), 0.0)
(1181, Date(20027), 0.0)
(1647, Date(20039), 100.0)
(1231, Date(20009), 0.0)
(1070, Date(20024), 0.0)
(1841, Date(20007), 0.0)
(1506, Date(20015), 0.0)
(1348, Date(20054), 0.0)
(1348, Date(20014), 0.0)
(1752, Date(20038), 0.0)
(1228, Date(20012), 0.0)
(1228, Date(20011), 0.0)
(1594, Date(20002), 0.0)
(1916, Date(20048), 0.0)
(2017, Date(20050), 0.0)
(2017, Date(20045), 0.0)
(2017, Date(20025), 0.0)
(2017, Date(20023), 0.0)
(2007, Date(20019), 0.0)
(2007, Date(20016), 0.0)
(1192, Date(20016), 0.0)
(1200, Date(20031), 0.0)
(1533, Date(20048), 0.0)
(1311, Date(20012), 0.0)
(1311, Date(20002), 0.0)
(1530, Date(20039), 0.0)
(1530, Date(20030), 0.0)
(1530, Date(20026), 0.0)
(1586, Date(20054), 0.0)
(1586, Date(20036), 0.0)
(1797, Date(20020), 0.0)
(1797, Date(20004), 0.0)
(1527, Date(20038), 0.0)
(1923, Date(20018), 0.0)
(1923, Date(20013), 0.0)
(1394, Date(20018), 100.0)
(1394, Date(20004), 0.0)
(1438, Date(20017), 0.0)
(1438, Date(20014), 0.0)
(1046, Date(20019), 0.0)
(1373, Date(20054), 0.0)
(1671, Date(20052), 0.0)
(1671, Date(20033), 0.0)
(1232, Date(20029), 0.0)
(1215, Date(20021), 100.0)
(1449, Date(20047), 0.0)
(1219, Date(20011), 0.0)
(1034, Date(20036), 0.0)
(1885, Date(20020), 0.0)
(1156, Date(20042), 0.0)
(1156, Date(20009), 0.0)
(1461, Date(20034), 0.0)
(1461, Date(20031), 0.0)
(1461, Date(20006), 0.0)
(1936, Date(20028), 0.0)
(1386, Date(20026), 0.0)
(1386, Date(19999), 0.0)
(1650, Date(20019), 100.0)
(1804, Date(20043), 0.0)
(1420, Date(20008), 0.0)
(1823, Date(20025), 0.0)
(1133, Date(20007), 0.0)
(1133, Date(20005), 0.0)
(2015, Date(20026), 0.0)
(2001, Date(20036), 0.0)
(1321, Date(20027), 0.0)
(2002, Date(20057), 100.0)
(1910, Date(20054), 0.0)
(1198, Date(20027), 0.0)
(1410, Date(20029), 0.0)
(1410, Date(20004), 0.0)
(1453, Date(20019), 100.0)
(1453, Date(20004), 0.0)
(1616, Date(20028), 0.0)
(1616, Date(20026), 0.0)
(1146, Date(20044), 100.0)
(1536, Date(20027), 0.0)
(1536, Date(20017), 0.0)
(1622, Date(20049), 0.0)
(1622, Date(20045), 0.0)
(1663, Date(20037), 0.0)
(1581, Date(20029), 0.0)
(1473, Date(20059), 0.0)
(1473, Date(20044), 0.0)
(1473, Date(20036), 0.0)
(1608, Date(20034), 0.0)
(1608, Date(20011), 0.0)
(1359, Date(20017), 0.0)
(1212, Date(20032), 0.0)
(1212, Date(20028), 0.0)
(1761, Date(20050), 0.0)
(1115, Date(20053), 0.0)
(1115, Date(20020), 0.0)
(1974, Date(20060), 0.0)
(1974, Date(20047), 0.0)
(1367, Date(20054), 0.0)
(1152, Date(20014), 0.0)
(1347, Date(20053), 100.0)
(1261, Date(20029), 0.0)
(1917, Date(20038), 0.0)
(1917, Date(20030), 0.0)
(1990, Date(20072), 0.0)
(1990, Date(20067), 0.0)
(1990, Date(20064), 0.0)
(1753, Date(20036), 0.0)
(1014, Date(20021), 0.0)
(1014, Date(20020), 0.0)
(1721, Date(20022), 0.0)
(1721, Date(20016), 0.0)
(2000, Date(20009), 0.0)
(1226, Date(20010), 0.0)
(1226, Date(20009), 0.0)
(1226, Date(20006), 0.0)
(1157, Date(20031), 0.0)
(1666, Date(20016), 0.0)
(1571, Date(20014), 0.0)
(1921, Date(20007), 0.0)
(1276, Date(20039), 0.0)
(1029, Date(20036), 0.0)
(1029, Date(20034), 0.0)
(1478, Date(20055), 0.0)
(1491, Date(20038), 0.0)
(1711, Date(20059), 0.0)
(1820, Date(20032), 0.0)
(1400, Date(20038), 0.0)
(1400, Date(20021), 0.0)
(1334, Date(20058), 0.0)
(1806, Date(20028), 0.0)
(1806, Date(20023), 0.0)
(1806, Date(20020), 0.0)
(1691, Date(20041), 0.0)
(1691, Date(20002), 0.0)
(1578, Date(20016), 0.0)
(1659, Date(20055), 0.0)
(1579, Date(20001), 0.0)
(1977, Date(20017), 0.0)
(1615, Date(20048), 0.0)
(1615, Date(20030), 0.0)
(1590, Date(20015), 0.0)
(1225, Date(20026), 0.0)
(1803, Date(20029), 0.0)
(1117, Date(20053), 100.0)
(1080, Date(20026), 0.0)
(2020, Date(20052), 0.0)
(2020, Date(20034), 0.0)
(1352, Date(20059), 0.0)
(1352, Date(20058), 0.0)
(1352, Date(20025), 0.0)
(1335, Date(20021), 0.0)
(1335, Date(20014), 0.0)
(1894, Date(20042), 0.0)
(1894, Date(20039), 0.0)
(1894, Date(20028), 0.0)
(1554, Date(20063), 0.0)
(1107, Date(20004), 0.0)
(1433, Date(20010), 0.0)
(1433, Date(20001), 0.0)
(1165, Date(20034), 0.0)
(1749, Date(20009), 0.0)
(1538, Date(20013), 0.0)
(1479, Date(20023), 0.0)
(1564, Date(20064), 0.0)
(1989, Date(20002), 0.0)
(1989, Date(20001), 0.0)
(1941, Date(20010), 0.0)
(1941, Date(20009), 0.0)
(1941, Date(20002), 0.0)
(1416, Date(20050), 0.0)
(1416, Date(20026), 0.0)
(1055, Date(20016), 0.0)
(1326, Date(20024), 0.0)
(1480, Date(20034), 0.0)
(1480, Date(20028), 0.0)
(1480, Date(20025), 0.0)
(1913, Date(20045), 0.0)
(1913, Date(20011), 0.0)
(1022, Date(20063), 0.0)
(1022, Date(20036), 0.0)
(1022, Date(20028), 0.0)
(1262, Date(20031), 0.0)
(1262, Date(20026), 0.0)
(1860, Date(20029), 0.0)
(1860, Date(20024), 0.0)
(1490, Date(20016), 0.0)
(1085, Date(20004), 0.0)
(1514, Date(20029), 0.0)
(1388, Date(20033), 0.0)
(1424, Date(20066), 0.0)
(1704, Date(20037), 0.0)
(1510, Date(20052), 0.0)
(1144, Date(20032), 0.0)
(1144, Date(20025), 0.0)
(1144, Date(20017), 0.0)
(1561, Date(20033), 100.0)
(1561, Date(20022), 0.0)
(1782, Date(20054), 0.0)
(1782, Date(20025), 0.0)
(1035, Date(20016), 100.0)
(2011, Date(20022), 0.0)
(2011, Date(20019), 0.0)
(2011, Date(20012), 0.0)
(1790, Date(20043), 0.0)
(2024, Date(20024), 0.0)
(1028, Date(20023), 0.0)
(1943, Date(20032), 0.0)
(1229, Date(20070), 0.0)
(1126, Date(20014), 0.0)
(1179, Date(20018), 0.0)
(1939, Date(20023), 0.0)
(1501, Date(20020), 0.0)
(1253, Date(20006), 0.0)
(1105, Date(20031), 0.0)
(1783, Date(20046), 0.0)
(1783, Date(20038), 0.0)
(1617, Date(20057), 0.0)
(1169, Date(20008), 0.0)
(1094, Date(20025), 0.0)
(1654, Date(20035), 0.0)
(1654, Date(20030), 0.0)
(1654, Date(20017), 0.0)
(1868, Date(20038), 0.0)
(1488, Date(20007), 0.0)
(1717, Date(20045), 0.0)
(1717, Date(20025), 0.0)
(1064, Date(20029), 0.0)
(1681, Date(20050), 0.0)
(1681, Date(20032), 0.0)
(1396, Date(20018), 100.0)
(1684, Date(20052), 0.0)
(1918, Date(20033), 0.0)
(1167, Date(20024), 0.0)
(1167, Date(20013), 0.0)
(1223, Date(20032), 0.0)
(1575, Date(20029), 0.0)
(1600, Date(20008), 0.0)
(1930, Date(20035), 100.0)
(2026, Date(20021), 0.0)
(1628, Date(20051), 0.0)
(1628, Date(20043), 0.0)
(1102, Date(20033), 0.0)
(1102, Date(20032), 0.0)
(1102, Date(20020), 0.0)
(1669, Date(20019), 0.0)
(1669, Date(20014), 0.0)
(1669, Date(20012), 0.0)
(1781, Date(20024), 0.0)
(1751, Date(20020), 0.0)
(1598, Date(20052), 100.0)
(1598, Date(20042), 0.0)
(1598, Date(20031), 0.0)
(1150, Date(20039), 0.0)
(1150, Date(20012), 0.0)
(1150, Date(20011), 0.0)
(1892, Date(20021), 0.0)
(1325, Date(20022), 0.0)
(1256, Date(20046), 0.0)
(1256, Date(20005), 0.0)
(1306, Date(20018), 0.0)
(1306, Date(20001), 0.0)
(1019, Date(20034), 0.0)
(1221, Date(20030), 0.0)
(1516, Date(20040), 0.0)
(1914, Date(20076), 0.0)
(1390, Date(20008), 0.0)
(1451, Date(20050), 0.0)
(1451, Date(20011), 0.0)
(1399, Date(20027), 0.0)
(1411, Date(20020), 0.0)
(1392, Date(20026), 0.0)
(1465, Date(20035), 100.0)
(1465, Date(20015), 0.0)
(1134, Date(20009), 0.0)
(1685, Date(20015), 0.0)
(1241, Date(20026), 0.0)
(1241, Date(20019), 0.0)
(1182, Date(20027), 0.0)
(1182, Date(20025), 0.0)
(1772, Date(20040), 0.0)
(1442, Date(20033), 0.0)
(1239, Date(20060), 0.0)
(1239, Date(20047), 0.0)
(1239, Date(20046), 0.0)
(1239, Date(20042), 100.0)
(1872, Date(20041), 0.0)
(1185, Date(20041), 0.0)
(1143, Date(20040), 0.0)
(1300, Date(20030), 0.0)
(1300, Date(20029), 0.0)
(1589, Date(20053), 0.0)
(1963, Date(20013), 0.0)
(1876, Date(20044), 0.0)
(1876, Date(20035), 0.0)
(1876, Date(20021), 0.0)
(1807, Date(20045), 0.0)
(1520, Date(20031), 0.0)
(1263, Date(20072), 0.0)
(1263, Date(20021), 0.0)
(1377, Date(20040), 0.0)
(1292, Date(20021), 0.0)
(1486, Date(20013), 0.0)
(1769, Date(20023), 0.0)
(1715, Date(20014), 0.0)
(1715, Date(20008), 0.0)
(1715, Date(20006), 0.0)
(1218, Date(20023), 0.0)
(1293, Date(20053), 0.0)
(1236, Date(20026), 0.0)
(1932, Date(20024), 0.0)
(1086, Date(20017), 100.0)
(1736, Date(20008), 0.0)
(1679, Date(20064), 0.0)
(1679, Date(20061), 0.0)
(1848, Date(20029), 0.0)
(1119, Date(20022), 0.0)
(1631, Date(20011), 0.0)
(1631, Date(20004), 0.0)
(1631, Date(20002), 0.0)
(1361, Date(20047), 0.0)
(1131, Date(20008), 0.0)
(1131, Date(20003), 0.0)
(1484, Date(20015), 0.0)
(1643, Date(20002), 0.0)
(1099, Date(20003), 0.0)
(1762, Date(20038), 0.0)
(1098, Date(20060), 0.0)
(1098, Date(20048), 0.0)
(1875, Date(20020), 0.0)
(1970, Date(20041), 0.0)
(1543, Date(20037), 0.0)
(1947, Date(20053), 0.0)
(1973, Date(20013), 100.0)
(1973, Date(20010), 100.0)
(1826, Date(20052), 0.0)
(1826, Date(20031), 0.0)
(1826, Date(20013), 0.0)
(1030, Date(20028), 0.0)
(1817, Date(20030), 0.0)
(1051, Date(20019), 0.0)
(1252, Date(20008), 0.0)
(1619, Date(20021), 0.0)
(1621, Date(20039), 0.0)
(1673, Date(20006), 0.0)
(1382, Date(20035), 0.0)
(1682, Date(20046), 0.0)
(1891, Date(20029), 0.0)
(1160, Date(20037), 0.0)
(1830, Date(20013), 0.0)
(1830, Date(20009), 0.0)
(1961, Date(20039), 0.0)
(1850, Date(20064), 0.0)
(1850, Date(20040), 0.0)
(1867, Date(20021), 0.0)
(1904, Date(20025), 0.0)
(1831, Date(20007), 0.0)
(1956, Date(20050), 0.0)
(1956, Date(20043), 0.0)
(1719, Date(20027), 0.0)
(1083, Date(20035), 0.0)
(1083, Date(20004), 0.0)
(1141, Date(20013), 0.0)
(1233, Date(20027), 0.0)
(1050, Date(20009), 0.0)
(1605, Date(20030), 0.0)
(1605, Date(20019), 0.0)
(1800, Date(20064), 0.0)
(1800, Date(20052), 0.0)
(1502, Date(20045), 0.0)
(1502, Date(20028), 0.0)
(1905, Date(20008), 0.0)
(1194, Date(20018), 0.0)
(1353, Date(20040), 0.0)
(1353, Date(20022), 0.0)
(1343, Date(20060), 0.0)
(1216, Date(20027), 0.0)
(1216, Date(20014), 0.0)
(1833, Date(20014), 0.0)
(1833, Date(20012), 0.0)
(1572, Date(20008), 0.0)
(1074, Date(20034), 0.0)
(1925, Date(20006), 0.0)
(1987, Date(20040), 0.0)
(1987, Date(20010), 0.0)
(1440, Date(20017), 0.0)
(1116, Date(20050), 0.0)
(1116, Date(20036), 0.0)
(1264, Date(20024), 0.0)
(1264, Date(20006), 0.0)
(1076, Date(20035), 0.0)
(1802, Date(20023), 0.0)
(1771, Date(20044), 0.0)
(1771, Date(20042), 0.0)
(1075, Date(20018), 0.0)
(1071, Date(20008), 0.0)
(1980, Date(20044), 0.0)
(1901, Date(20042), 0.0)
(1901, Date(20024), 0.0)
(1613, Date(20023), 0.0)
(1613, Date(20021), 0.0)
(1873, Date(20024), 0.0)
(1656, Date(20029), 0.0)
(1497, Date(20028), 0.0)
(1081, Date(20010), 0.0)
(1259, Date(20026), 0.0)
(1259, Date(20015), 0.0)
(1754, Date(20011), 0.0)
(1315, Date(20062), 0.0)
(1039, Date(20019), 0.0)
(1113, Date(20019), 0.0)
(1163, Date(20029), 0.0)
(1507, Date(20042), 0.0)
(1706, Date(20058), 0.0)
(1364, Date(20015), 0.0)
(1118, Date(20021), 100.0)
(1118, Date(20020), 100.0)
(1573, Date(20020), 0.0)
(1309, Date(20021), 0.0)
(1309, Date(20010), 0.0)
(1697, Date(20038), 0.0)
(1552, Date(20055), 0.0)
(1552, Date(20026), 0.0)
(2016, Date(20024), 0.0)
(1688, Date(20038), 0.0)
(1166, Date(20030), 0.0)
(1092, Date(20012), 0.0)
(1408, Date(20015), 0.0)
(1036, Date(20000), 0.0)
(1791, Date(20025), 0.0)
(1791, Date(20004), 0.0)
(1676, Date(20037), 0.0)
(1734, Date(20066), 0.0)
(1734, Date(20042), 0.0)
(1358, Date(20017), 0.0)
(1707, Date(20074), 0.0)
(1707, Date(20052), 0.0)
(1707, Date(20041), 0.0)
(1460, Date(20023), 0.0)
(1234, Date(20019), 0.0)
(1437, Date(20059), 0.0)
(1370, Date(20061), 0.0)
(1834, Date(20041), 0.0)
(1209, Date(20048), 0.0)
(1209, Date(20042), 0.0)
(1498, Date(20038), 0.0)
(1498, Date(20016), 0.0)
(1662, Date(20010), 0.0)
(1662, Date(20007), 0.0)
(1402, Date(20035), 0.0)
